129937
129634
129331
129129
129028
128935
128632
128127
128026
127630
127327
125525
124826
124624
124422
124220
123925
123824
123420
122822
122620
122317
121921
121820
121618
121416
121315
120717
120515
120212
119833
119732
119126
118730
118528
118225
118124
118023
117930
116726
116524
116221
115825
115320
115219
115017
114924
114823
114621
114419
114318
114217
100206
100307
101006
100610
101309
101410
101915
102008
102311
102513
103111
103414
104012
104416
104820
105014
105115
105620
105923
106016
106521
107018
107220
107321
107422
107725
108121
108222
108323
108525
108828
109123
109325
109830
110007
110411
110613
111312
111413
111514
111716
112112
112314
112516
112920
113215
113821
113922